I
1000 Generated by WorldEditor

1     22 0 0 GVMT Mosteiros
100 37.00 4 0 0.25 0 0 0 11  15.04567800 -024.34338900    0    0 0 0 0 0 29  15.04447700 -024.33675800    0    0 0 0 0 0
110  2 0.00 0.0000 Polygon from DSF lib/airport/Common_Elements/Misc_Buildings/White_Office.fac 
111  15.045161334  -24.343385263
111  15.045049217  -24.343450872
111  15.044990476  -24.343337720
113  15.045105141  -24.343276881
110 4 0.25 135.0000 Plataforma
111  15.04582423 -024.34334450
112  15.04558475 -024.34347038  15.04545517 -024.34347898
112  15.04533784 -024.34343811  15.04532123 -024.34340371
112  15.04517886 -024.34312834  15.04517056 -024.34305264
112  15.04531653 -024.34299926  15.04535806 -024.34298550
113  15.04546368 -024.34298736
130 Airport Boundary 2
111  15.04592004 -024.34345939
111  15.04562232 -024.34358586
111  15.04502689 -024.34349891
111  15.04487421 -024.34322225
111  15.04507269 -024.34270055
111  15.04521010 -024.34215513
111  15.04421008 -024.33671678
113  15.04472917 -024.33660611
14  15.04510920 -024.34334401  29.53 0 TWR
1300  15.04544201 -024.34335392  11.84 misc jets|turboprops|props|helos Ramp 1
1300  15.04537672 -024.34311307  11.84 misc jets|turboprops|props|helos Ramp 2
19  15.04528501 -024.34283525 0 Windsock
99
